{
  "asset": {
    "version": "2.0",
    "generator": "THREE.GLTFExporter r172"
  },
  "scenes": [
    {
      "name": "AuxScene",
      "nodes": [
        88
      ]
    }
  ],
  "scene": 0,
  "nodes": [
    {
      "matrix": [
        1,
        0,
        0,
        0,
        0,
        -4.3711390285139367e-8,
        -0.9999999999999991,
        0,
        0,
        0.9999999999999991,
        -4.3711390285139367e-8,
        0,
        0,
        0,
        0,
        1
      ],
      "name": "7_0000-body_01_16_16",
      "extras": {
        "originalName": "7_0000-body_0.1_16_16",
        "transformData": {
          "inheritType": 1,
          "eulerOrder": "ZYX",
          "rotation": [
            -90.00000250447816,
            0,
            0
          ],
          "parentMatrix": {
            "elements": [
              1.3207285649225187,
              0,
              0,
              0,
              0,
              1.3207285649225187,
              0,
              0,
              0,
              0,
              1.3207285649225187,
              0,
              1.438777587070561e-7,
              -1.250000000576093,
              -0.06242880642083498,
              1
            ]
          },
          "parentMatrixWorld": {
            "elements": [
              1.3207285649225187,
              0,
              0,
              0,
              0,
              1.3207285649225187,
              0,
              0,
              0,
              0,
              1.3207285649225187,
              0,
              1.438777587070561e-7,
              -1.250000000576093,
              -0.06242880642083498,
              1
            ]
          }
        }
      },
      "mesh": 0,
      "skin": 0
    },
    {
      "matrix": [
        0.9999999999999999,
        8.023082505393194e-18,
        -4.7681663124644606e-18,
        0,
        -8.023083177614289e-18,
        1.0000001192092878,
        5.9604644719879474e-8,
        0,
        4.7681673590871534e-18,
        -5.9604644719879474e-8,
        1.0000001192092878,
        0,
        -2.7755575615628914e-17,
        0.16893109679222104,
        -3.789316874169835e-9,
        1
      ],
      "name": "Chr_LToeBase",
      "extras": {
        "originalName": "Chr LToeBase",
        "transformData": {
          "inheritType": 1,
          "eulerOrder": "ZYX",
          "translation": [
            0,
            0.16893109679222107,
            -3.789316860292047e-9
          ],
          "rotation": [
            0.000003415094177895376,
            2.731954328555799e-16,
            4.596895438052739e-16
          ],
          "scale": [
            1,
            1.0000001192092896,
            1.0000001192092896
          ],
          "parentMatrix": {
            "elements": [
              1,
              2.697039885296618e-16,
              -3.916241998859234e-15,
              0,
              -3.4838797354464883e-15,
              0.5207029292705416,
              -0.8537378638901937,
              0,
              1.8089421734883466e-15,
              0.8537378638901938,
              0.5207029292705416,
              0,
              7.450580596923828e-9,
              0.4427845776081084,
              -1.5110296364834186e-9,
              1
            ]
          },
          "parentMatrixWorld": {
            "elements": [
              1.320728564922509,
              1.1574525520821927e-7,
              -1.1617188626966345e-7,
              0,
              1.614550949715478e-7,
              -0.7530387796032594,
              1.085008256819263,
              0,
              2.8835043869495166e-8,
              -1.0850144337263485,
              -0.7530348516849212,
              0,
              0.13770390458900922,
              -1.1006860140713206,
              -0.06540896711413084,
              1
            ]
          }
        }
      }
    },
    {
      "matrix": [
        1,
        2.697039885296618e-16,
        -3.916241998859234e-15,
        0,
        -3.4838797354464883e-15,
        0.5207029292705416,
        -0.8537378638901937,
        0,
        1.8089421734883466e-15,
        0.8537378638901938,
        0.5207029292705416,
        0,
        7.450580596923828e-9,
        0.4427845776081084,
        -1.5110296364834186e-9,
        1
      ],
      "name": "Chr_LFoot",
      "extras": {
        "originalName": "Chr LFoot",
        "transformData": {
          "inheritType": 1,
          "eulerOrder": "ZYX",
          "translation": [
            7.450580596923828e-9,
            0.4427845776081085,
            -1.5110296347486951e-9
          ],
          "rotation": [
            -58.6205834950655,
            2.2438413864196233e-13,
            1.5452900858395424e-14
          ],
          "scale": [
            1,
            0.9999999403953552,
            0.9999999403953552
          ],
          "parentMatrix": {
            "elements": [
              0.9999999999999998,
              -1.2719511666148281e-8,
              -1.045542645516473e-11,
              0,
              1.2633770096803847e-8,
              0.9931630957176923,
              0.11673502175632094,
              0,
              -1.474428527372338e-9,
              -0.11673502175632097,
              0.9931630957176927,
              0,
              7.869835477736231e-9,
              0.41203150153160095,
              7.3355894691928825e-9,
              1
            ]
          },
          "parentMatrixWorld": {
            "elements": [
              1.320728564922509,
              1.1574525586898753e-7,
              -1.1617189141189884e-7,
              0,
              1.086877229684529e-7,
              -1.3184275605021005,
              -0.07792739739350855,
              0,
              -1.2282585590098158e-7,
              0.0779275344725232,
              -1.3184202417631827,
              0,
              0.1377038466235669,
              -0.5169066234697594,
              -0.030903919367318143,
              1
            ]
          }
        }
      },
      "children": [
        1
      ]
    },
    {
      "matrix": [
        0.9999999999999998,
        -1.2719511666148281e-8,
        -1.045542645516473e-11,
        0,
        1.2633770096803847e-8,
        0.9931630957176923,
        0.11673502175632094,
        0,
        -1.474428527372338e-9,
        -0.11673502175632097,
        0.9931630957176927,
        0,
        7.869835477736231e-9,
        0.41203150153160095,
        7.3355894691928825e-9,
        1
      ],
      "name": "Chr_LLeg",
      "extras": {
        "originalName": "Chr LLeg",
        "transformData": {
          "inheritType": 1,
          "eulerOrder": "ZYX",
          "translation": [
            7.869835449980656e-9,
            0.41203150153160095,
            7.3355894691928825e-9
          ],
          "rotation": [
            6.703708580736101,
            5.99051808890627e-10,
            -7.287743359377093e-7
          ],
          "parentMatrix": {
            "elements": [
              0.9999999999961657,
              0.000001985643393704321,
              0.000001930136704685248,
              0,
              -0.0000018263383089180328,
              0.9968510439090001,
              -0.07929613511965738,
              0,
              -0.0000020815125117313724,
              0.07929613038941007,
              0.996850984491849,
              0,
              0.10426320135593414,
              0.14339968562126182,
              -0.00048293796135112643,
              1
            ]
          },
          "parentMatrixWorld": {
            "elements": [
              1.3207285649225105,
              9.897364660041996e-8,
              -1.1521249181928994e-7,
              0,
              1.0548369198134843e-7,
              -1.3185104698998606,
              0.07651120036964076,
              0,
              -1.0931225235580459e-7,
              -0.07651191858096766,
              -1.3185031851965368,
              0,
              0.1377037927670472,
              0.026361225789476195,
              -0.06242893446760742,
              1
            ]
          }
        }
      },
      "children": [
        2
      ]
    },
    {
      "matrix": [
        0.9999999999961657,
        0.000001985643393704321,
        0.000001930136704685248,
        0,
        -0.0000018263383089180328,
        0.9968510439090001,
        -0.07929613511965738,
        0,
        -0.0000020815125117313724,
        0.07929613038941007,
        0.996850984491849,
        0,
        0.10426320135593414,
        0.14339968562126182,
        -0.00048293796135112643,
        1
      ],
      "name": "Chr_LUpLeg",
      "extras": {
        "originalName": "Chr LUpLeg",
        "transformData": {
          "inheritType": 1,
          "eulerOrder": "ZYX",
          "translation": [
            0.10426320135593414,
            0.1433996856212616,
            -0.00048293796135112643
          ],
          "rotation": [
            -4.548108989529716,
            -0.00011058868706182195,
            0.00011376898607757796
          ],
          "scale": [
            1,
            0.9999999403953552,
            0.9999998807907104
          ],
          "parentMatrix": {
            "elements": [
              0.9999999999963586,
              0.000001935762156785957,
              0.0000018804618093770674,
              0,
              0.0000019712938995070658,
              -0.9998178485149346,
              -0.019082729830822563,
              0,
              0.0000018431697666244448,
              0.019082627466713933,
              -0.9998124850738968,
              0,
              -1.387778338109368e-17,
              1.1097867488861086,
              4.336808689942018e-19,
              1
            ]
          },
          "parentMatrixWorld": {
            "elements": [
              1.3207285649174816,
              0.0000026662806693427026,
              0.000002489533686306627,
              0,
              0.0000027189794501344063,
              -1.3204257955268375,
              -0.028281946368284714,
              0,
              0.0000024318541776359062,
              0.028281797294497608,
              -1.3204185547907554,
              0,
              1.5740158199267014e-8,
              0.2157232501127997,
              -0.059011252061370874,
              1
            ]
          }
        }
      },
      "children": [
        3
      ]
    },
    {
      "matrix": [
        1,
        3.7513408402888254e-17,
        4.250602904351947e-17,
        0,
        -3.7513408402888254e-17,
        1,
        -8.326672684688675e-17,
        0,
        -4.2506029043519464e-17,
        8.326672684688674e-17,
        0.9999999999999999,
        0,
        1.3877787807814457e-17,
        0.1689307391643524,
        -5.523907997684319e-9,
        1
      ],
      "name": "Chr_RToeBase",
      "extras": {
        "originalName": "Chr RToeBase",
        "transformData": {
          "inheritType": 1,
          "eulerOrder": "ZYX",
          "translation": [
            0,
            0.16893073916435242,
            -5.523907997684319e-9
          ],
          "rotation": [
            -4.5680350696808213e-32,
            -2.4354154993266686e-15,
            2.1493592183327674e-15
          ],
          "parentMatrix": {
            "elements": [
              1,
              -4.0641350202485704e-16,
              -4.121106262273179e-15,
              0,
              -3.3067257363335717e-15,
              0.520702349665782,
              -0.8537382872125007,
              0,
              2.492840332521876e-15,
              0.8537382363257332,
              0.5207023186295033,
              0,
              -1.3877787807814457e-17,
              0.4427843391895296,
              1.5110289720843273e-9,
              1
            ]
          },
          "parentMatrixWorld": {
            "elements": [
              1.3207285649225087,
              1.1574580727060393e-7,
              -1.1617086233089982e-7,
              0,
              1.6145456552777625e-7,
              -0.7530382747468383,
              1.085008739484005,
              0,
              2.883617440275542e-8,
              -1.08501491076784,
              -0.7530342498835598,
              0,
              -0.13770300977264294,
              -1.100686170841398,
              -0.06540899191068955,
              1
            ]
          }
        }
      }
    },
    {
      "matrix": [
        1,
        -4.0641350202485704e-16,
        -4.121106262273179e-15,
        0,
        -3.3067257363335717e-15,
        0.520702349665782,
        -0.8537382872125007,
        0,
        2.492840332521876e-15,
        0.8537382363257332,
        0.5207023186295033,
        0,
        -1.3877787807814457e-17,
        0.4427843391895296,
        1.5110289720843273e-9,
        1
      ],
      "name": "Chr_RFoot",
      "extras": {
        "originalName": "Chr RFoot",
        "transformData": {
          "inheritType": 1,
          "eulerOrder": "ZYX",
          "translation": [
            0,
            0.4427843391895294,
            1.5110289686148803e-9
          ],
          "rotation": [
            -58.620624476200526,
            2.3612199471821733e-13,
            -2.3285776884755232e-14
          ],
          "scale": [
            1,
            1,
            0.9999999403953552
          ],
          "parentMatrix": {
            "elements": [
              0.9999999999999997,
              -1.2715576147570575e-8,
              -1.0909924873241387e-11,
              0,
              1.262991439815131e-8,
              0.9931630844110196,
              0.11673511795166237,
              0,
              -1.4735189467721956e-9,
              -0.11673511795166243,
              0.9931630844110202,
              0,
              -1.4479750745644004e-8,
              0.4120322763919829,
              3.840328062498788e-9,
              1
            ]
          },
          "parentMatrixWorld": {
            "elements": [
              1.3207285649225087,
              1.1574580705592573e-7,
              -1.1617086779592051e-7,
              0,
              1.0868831870956822e-7,
              -1.3184276257808094,
              -0.07792760897019196,
              0,
              -1.228248850173302e-7,
              0.07792775975377196,
              -1.3184202295222294,
              0,
              -0.13770305789812812,
              -0.516907065908573,
              -0.030903865076031878,
              1
            ]
          }
        }
      },
      "children": [
        5
      ]
    },
    {
      "matrix": [
        0.9999999999999997,
        -1.2715576147570575e-8,
        -1.0909924873241387e-11,
        0,
        1.262991439815131e-8,
        0.9931630844110196,
        0.11673511795166237,
        0,
        -1.4735189467721956e-9,
        -0.11673511795166243,
        0.9931630844110202,
        0,
        -1.4479750745644004e-8,
        0.4120322763919829,
        3.840328062498788e-9,
        1
      ],
      "name": "Chr_RLeg",
      "extras": {
        "originalName": "Chr RLeg",
        "transformData": {
          "inheritType": 1,
          "eulerOrder": "ZYX",
          "translation": [
            -1.4479750731766217e-8,
            0.41203227639198303,
            3.840328055559894e-9
          ],
          "rotation": [
            6.703714130264801,
            6.250926500412765e-10,
            -7.285488473330123e-7
          ],
          "parentMatrix": {
            "elements": [
              0.9999999999961658,
              0.0000019856390736044875,
              0.0000019301367046852485,
              0,
              -0.0000018263342508562804,
              0.9968511086431743,
              -0.07929607300200006,
              0,
              -0.0000020815120466989375,
              0.07929606354534247,
              0.9968509898090666,
              0,
              -0.10426327586174011,
              0.1433987915515902,
              -0.00048333086306229234,
              1
            ]
          },
          "parentMatrixWorld": {
            "elements": [
              1.3207285649225105,
              9.897935097167954e-8,
              -1.1521236963845791e-7,
              0,
              1.054893786513965e-7,
              -1.3185105536197348,
              0.07651111651752501,
              0,
              -1.0931180699113253e-7,
              -0.07651183016795605,
              -1.3185031903270092,
              0,
              -0.13770308223933608,
              0.026361839240051838,
              -0.06242890952055681,
              1
            ]
          }
        }
      },
      "children": [
        6
      ]
    },
    {
      "matrix": [
        0.9999999999961658,
        0.0000019856390736044875,
        0.0000019301367046852485,
        0,
        -0.0000018263342508562804,
        0.9968511086431743,
        -0.07929607300200006,
        0,
        -0.0000020815120466989375,
        0.07929606354534247,
        0.9968509898090666,
        0,
        -0.10426327586174011,
        0.1433987915515902,
        -0.00048333086306229234,
        1
      ],
      "name": "Chr_RUpLeg",
      "extras": {
        "originalName": "Chr RUpLeg",
        "transformData": {
          "inheritType": 1,
          "eulerOrder": "ZYX",
          "translation": [
            -0.10426327586174011,
            0.14339879155158997,
            -0.00048333086306229234
          ],
          "rotation": [
            -4.548105147548308,
            -0.00011058868706182195,
            0.00011376873855409043
          ],
          "scale": [
            1,
            1,
            0.9999998807907104
          ],
          "parentMatrix": {
            "elements": [
              0.9999999999963586,
              0.000001935762156785957,
              0.0000018804618093770674,
              0,
              0.0000019712938995070658,
              -0.9998178485149346,
              -0.019082729830822563,
              0,
              0.0000018431697666244448,
              0.019082627466713933,
              -0.9998124850738968,
              0,
              -1.387778338109368e-17,
              1.1097867488861086,
              4.336808689942018e-19,
              1
            ]
          },
          "parentMatrixWorld": {
            "elements": [
              1.3207285649174816,
              0.0000026662806693427026,
              0.000002489533686306627,
              0,
              0.0000027189794501344063,
              -1.3204257955268375,
              -0.028281946368284714,
              0,
              0.0000024318541776359062,
              0.028281797294497608,
              -1.3204185547907554,
              0,
              1.5740158199267014e-8,
              0.2157232501127997,
              -0.059011252061370874,
              1
            ]
          }
        }
      },
      "children": [
        7
      ]
    },
    {
      "matrix": [
        -0.9988593585899497,
        -3.8897019563889333e-7,
        -0.04774790621416605,
        0,
        3.8468722887429236e-7,
        -0.9999999403952761,
        9.8888812886009e-8,
        0,
        -0.04774790621420075,
        8.040801127765434e-8,
        0.9988593585900206,
        0,
        9.313225690643634e-9,
        0.014310959726572037,
        2.05356627702713e-7,
        1
      ],
      "name": "Chr_LHandPinky3",
      "extras": {
        "originalName": "Chr LHandPinky3",
        "transformData": {
          "inheritType": 1,
          "eulerOrder": "ZYX",
          "translation": [
            9.313225746154785e-9,
            0.014310959726572037,
            2.05356627702713e-7
          ],
          "rotation": [
            0.000005672381772650193,
            2.7367942615045213,
            -179.99997768819966
          ],
          "scale": [
            0.9999999403953552,
            0.9999999403953552,
            0.9999999403953552
          ],
          "parentMatrix": {
            "elements": [
              0.9999999403953549,
              -3.623427385966802e-8,
              -2.3283057316716118e-10,
              0,
              3.623427385858382e-8,
              0.999999940395355,
              -4.656612596270415e-9,
              0,
              2.3283075577394163e-10,
              4.656612865389719e-9,
              1.0000000000000002,
              0,
              1.6763806398589765e-8,
              0.01770923286676418,
              5.2968971653299946e-8,
              1
            ]
          },
          "parentMatrixWorld": {
            "elements": [
              0.6086924006046187,
              -0.01700629816299605,
              1.1717668661653953,
              0,
              1.1719760364170193,
              0.027999751249507432,
              -0.6081771720659582,
              0,
              -0.01701362465107127,
              1.320322012678232,
              0.0280085706420891,
              0,
              1.1034239352767048,
              0.7445450993193795,
              -0.15464657537210733,
              1
            ]
          }
        }
      }
    },
    {
      "matrix": [
        0.9999999403953549,
        -3.623427385966802e-8,
        -2.3283057316716118e-10,
        0,
        3.623427385858382e-8,
        0.999999940395355,
        -4.656612596270415e-9,
        0,
        2.3283075577394163e-10,
        4.656612865389719e-9,
        1.0000000000000002,
        0,
        1.6763806398589765e-8,
        0.01770923286676418,
        5.2968971653299946e-8,
        1
      ],
      "name": "Chr_LHandPinky2",
      "extras": {
        "originalName": "Chr LHandPinky2",
        "transformData": {
          "inheritType": 1,
          "eulerOrder": "ZYX",
          "translation": [
            1.6763806343078613e-8,
            0.01770923286676407,
            5.296897143125534e-8
          ],
          "rotation": [
            -2.668042644536231e-7,
            1.3340210042126472e-8,
            -0.0000020760710898907538
          ],
          "scale": [
            0.9999999403953552,
            0.9999999403953552,
            1
          ],
          "parentMatrix": {
            "elements": [
              0.9999999999813953,
              3.022801705893456e-7,
              -0.0000060924799071972475,
              0,
              -3.02293691883356e-7,
              0.9999999999974916,
              -0.0000022193407857745342,
              0,
              0.000006092479236319252,
              0.0000022193426274514874,
              0.9999999999789781,
              0,
              3.9115548022827795e-8,
              0.02904589660465695,
              -1.307344066336924e-7,
              1
            ]
          },
          "parentMatrixWorld": {
            "elements": [
              0.608692479347259,
              -0.017006297854688105,
              1.1717669139778066,
              0,
              1.1719760841374818,
              0.027999759682862134,
              -0.6081772506438454,
              0,
              -0.01701363025023251,
              1.3203220125518074,
              0.028008573201311726,
              0,
              1.0826691285856274,
              0.7440491754039333,
              -0.14387624394304607,
              1
            ]
          }
        }
      },
      "children": [
        9
      ]
    },
    {
      "matrix": [
        0.9999999999813953,
        3.022801705893456e-7,
        -0.0000060924799071972475,
        0,
        -3.02293691883356e-7,
        0.9999999999974916,
        -0.0000022193407857745342,
        0,
        0.000006092479236319252,
        0.0000022193426274514874,
        0.9999999999789781,
        0,
        3.9115548022827795e-8,
        0.02904589660465695,
        -1.307344066336924e-7,
        1
      ],
      "name": "Chr_LHandPinky1",
      "extras": {
        "originalName": "Chr LHandPinky1",
        "transformData": {
          "inheritType": 1,
          "eulerOrder": "ZYX",
          "translation": [
            3.91155481338501e-8,
            0.029045896604657173,
            -1.307344064116478e-7
          ],
          "rotation": [
            -0.00012715886032838887,
            0.0003490733854530017,
            0.00001731937801000096
          ],
          "parentMatrix": {
            "elements": [
              0.8290435939436518,
              0.5584725834044965,
              -0.02819527827872709,
              0,
              -0.5549477730846512,
              0.8279112854885903,
              0.08121424320727207,
              0,
              0.06869911729765556,
              -0.051683241175688836,
              0.9962976640771237,
              0,
              -0.03828745335340497,
              0.07812402397394158,
              -0.0018622053321450949,
              1
            ]
          },
          "parentMatrixWorld": {
            "elements": [
              0.608692021399768,
              -0.0169982622840757,
              1.171767268445803,
              0,
              1.1719762303711336,
              0.0280026847890497,
              -0.6081768342797967,
              0,
              -0.017019939710898414,
              1.320322053993571,
              0.028002783986920937,
              0,
              1.0486280021407381,
              0.7432359855933144,
              -0.12621124467059902,
              1
            ]
          }
        }
      },
      "children": [
        10
      ]
    },
    {
      "matrix": [
        0.8290435939436518,
        0.5584725834044965,
        -0.02819527827872709,
        0,
        -0.5549477730846512,
        0.8279112854885903,
        0.08121424320727207,
        0,
        0.06869911729765556,
        -0.051683241175688836,
        0.9962976640771237,
        0,
        -0.03828745335340497,
        0.07812402397394158,
        -0.0018622053321450949,
        1
      ],
      "name": "Chr_LHandPinky",
      "extras": {
        "originalName": "Chr LHandPinky",
        "transformData": {
          "inheritType": 1,
          "eulerOrder": "ZYX",
          "translation": [
            -0.038287453353405,
            0.0781240239739418,
            -0.0018622053321450949
          ],
          "rotation": [
            4.660220995226775,
            1.6156846632611013,
            33.96557793108419
          ],
          "scale": [
            0.9999999403953552,
            0.9999999403953552,
            0.9999998807907104
          ],
          "parentMatrix": {
            "elements": [
              0.9972460299482823,
              -0.06008051337287199,
              0.04348203842096598,
              0,
              0.06178555687183277,
              0.9973275127358115,
              -0.03899201587808837,
              0,
              -0.04102317045049462,
              0.04157119251402951,
              0.9982929511069712,
              0,
              -4.656612942466332e-10,
              0.2628217935562133,
              -3.247987478971481e-8,
              1
            ]
          },
          "parentMatrixWorld": {
            "elements": [
              -0.14692265061504345,
              0.061072649732426716,
              1.3108764503628458,
              0,
              1.3111099551876892,
              -0.05454786247375045,
              0.14943617188805372,
              0,
              0.061062000758128364,
              1.3181875797637237,
              -0.05453182044500196,
              0,
              0.9406872324206028,
              0.7522905362765435,
              -0.08779722824721511,
              1
            ]
          }
        }
      },
      "children": [
        11
      ]
    },
    {
      "matrix": [
        0.9496790825484969,
        -0.3086991217816175,
        0.05305178961263487,
        0,
        0.3111059738707253,
        0.9492936730331508,
        -0.04532764455800162,
        0,
        -0.0363691241548757,
        0.05955144457095095,
        0.9975624853901233,
        0,
        0.002338044345378848,
        0.029496539384126552,
        -0.0003407043404872745,
        1
      ],
      "name": "Chr_LHandThumb3",
      "extras": {
        "originalName": "Chr LHandThumb3",
        "transformData": {
          "inheritType": 1,
          "eulerOrder": "ZYX",
          "translation": [
            0.0023380443453788757,
            0.029496539384126663,
            -0.0003407043404877186
          ],
          "rotation": [
            -2.601639118538544,
            -3.0410712916223614,
            -18.007076576875768
          ],
          "parentMatrix": {
            "elements": [
              0.9999999999992539,
              8.987261430545976e-8,
              -0.0000012181699275983467,
              0,
              -8.987263926465854e-8,
              0.9999999999999957,
              -2.048903979204805e-8,
              0,
              0.0000012181700709741098,
              2.0489151714676162e-8,
              1.0000001192085473,
              0,
              -4.4703483609298544e-8,
              0.022362491115927696,
              5.6577846185845715e-8,
              1
            ]
          },
          "parentMatrixWorld": {
            "elements": [
              -0.7429460059392013,
              0.19414094850576036,
              1.0743640751912131,
              0,
              1.074554993836245,
              -0.10107556654206583,
              0.7610716146047971,
              0,
              0.19412987966222542,
              1.3024655232687259,
              -0.10106079384306138,
              0,
              1.0393711953471967,
              0.7301867425273202,
              0.00006536732685498772,
              1
            ]
          }
        }
      }
    },
    {
      "matrix": [
        0.9999999999992539,
        8.987261430545976e-8,
        -0.0000012181699275983467,
        0,
        -8.987263926465854e-8,
        0.9999999999999957,
        -2.048903979204805e-8,
        0,
        0.0000012181700709741098,
        2.0489151714676162e-8,
        1.0000001192085473,
        0,
        -4.4703483609298544e-8,
        0.022362491115927696,
        5.6577846185845715e-8,
        1
      ],
      "name": "Chr_LHandThumb2",
      "extras": {
        "originalName": "Chr LHandThumb2",
        "transformData": {
          "inheritType": 1,
          "eulerOrder": "ZYX",
          "translation": [
            -4.470348358154297e-8,
            0.022362491115927696,
            5.657784640789032e-8
          ],
          "rotation": [
            -0.0000011739355067079477,
            0.0000697959955810678,
            0.000005149321489732927
          ],
          "scale": [
            1,
            1,
            1.0000001192092896
          ],
          "parentMatrix": {
            "elements": [
              0.9953046990241593,
              0.09629114255735469,
              -0.009827103613307426,
              0,
              -0.09613770110149204,
              0.995254304284465,
              0.015047000703333624,
              0,
              0.011229359390256934,
              -0.014031594520029987,
              0.9998384352652304,
              0,
              5.5879355587151736e-9,
              0.0362238883972168,
              -1.1408701583448533e-7,
              1
            ]
          },
          "parentMatrixWorld": {
            "elements": [
              -0.7429458660285876,
              0.19414254421368413,
              1.0743638836816922,
              0,
              1.0745549310432965,
              -0.10107552240770348,
              0.7610717090900526,
              0,
              0.19413073953788132,
              1.3024651335760644,
              -0.10106210614723667,
              0,
              1.0153414260523972,
              0.7324469779873762,
              -0.01695403826057066,
              1
            ]
          }
        }
      },
      "children": [
        13
      ]
    },
    {
      "matrix": [
        0.9953046990241593,
        0.09629114255735469,
        -0.009827103613307426,
        0,
        -0.09613770110149204,
        0.995254304284465,
        0.015047000703333624,
        0,
        0.011229359390256934,
        -0.014031594520029987,
        0.9998384352652304,
        0,
        5.5879355587151736e-9,
        0.0362238883972168,
        -1.1408701583448533e-7,
        1
      ],
      "name": "Chr_LHandThumb1",
      "extras": {
        "originalName": "Chr LHandThumb1",
        "transformData": {
          "inheritType": 1,
          "eulerOrder": "ZYX",
          "translation": [
            5.587935447692871e-9,
            0.0362238883972168,
            -1.1408701539039612e-7
          ],
          "rotation": [
            0.8622038072346822,
            0.5630606247734585,
            5.525905210730402
          ],
          "scale": [
            1,
            1,
            0.9999999403953552
          ],
          "parentMatrix": {
            "elements": [
              0.826448048976212,
              -0.5533488590766946,
              0.10386733886726786,
              0,
              0.5609494849800271,
              0.8250651972386684,
              -0.06784348147259346,
              0,
              -0.04815621910119618,
              0.1143334567722287,
              0.992274398337755,
              0,
              0.025955915451049808,
              0.032918181270360725,
              -0.012141048908233865,
              1
            ]
          },
          "parentMatrixWorld": {
            "elements": [
              -0.8405827882537624,
              0.21757400572003627,
              0.9950168745589829,
              0,
              0.9951923498669898,
              -0.10017730614218531,
              0.8623296828869202,
              0,
              0.21756923280260826,
              1.298826114028585,
              -0.10015182878182821,
              0,
              0.9792917189559984,
              0.7360759365084105,
              -0.048190989441187264,
              1
            ]
          }
        }
      },
      "children": [
        14
      ]
    },
    {
      "matrix": [
        0.826448048976212,
        -0.5533488590766946,
        0.10386733886726786,
        0,
        0.5609494849800271,
        0.8250651972386684,
        -0.06784348147259346,
        0,
        -0.04815621910119618,
        0.1143334567722287,
        0.992274398337755,
        0,
        0.025955915451049808,
        0.032918181270360725,
        -0.012141048908233865,
        1
      ],
      "name": "Chr_LHandThumb",
      "extras": {
        "originalName": "Chr LHandThumb",
        "transformData": {
          "inheritType": 1,
          "eulerOrder": "ZYX",
          "translation": [
            0.025955915451049805,
            0.03291818127036095,
            -0.012141048908233643
          ],
          "rotation": [
            -3.9113223423597883,
            -5.961913751492751,
            -33.804313749685605
          ],
          "scale": [
            0.9999998807907104,
            0.9999998211860657,
            0.9999998211860657
          ],
          "parentMatrix": {
            "elements": [
              0.9972460299482823,
              -0.06008051337287199,
              0.04348203842096598,
              0,
              0.06178555687183277,
              0.9973275127358115,
              -0.03899201587808837,
              0,
              -0.04102317045049462,
              0.04157119251402951,
              0.9982929511069712,
              0,
              -4.656612942466332e-10,
              0.2628217935562133,
              -3.247987478971481e-8,
              1
            ]
          },
          "parentMatrixWorld": {
            "elements": [
              -0.14692265061504345,
              0.061072649732426716,
              1.3108764503628458,
              0,
              1.3111099551876892,
              -0.05454786247375045,
              0.14943617188805372,
              0,
              0.061062000758128364,
              1.3181875797637237,
              -0.05453182044500196,
              0,
              0.9406872324206028,
              0.7522905362765435,
              -0.08779722824721511,
              1
            ]
          }
        }
      },
      "children": [
        15
      ]
    },
    {
      "matrix": [
        -0.9999997228909006,
        0.000001581506835460875,
        0.0004433822112829144,
        0,
        -0.0000015643238735333098,
        -0.9999995820153357,
        0.000038753774808925596,
        0,
        0.000443382272238809,
        0.000038753086645571475,
        0.9999997221412227,
        0,
        -2.852175384759903e-9,
        0.024887394160032272,
        1.66410927704419e-7,
        1
      ],
      "name": "Chr_LHandMiddle3",
      "extras": {
        "originalName": "Chr LHandMiddle3",
        "transformData": {
          "inheritType": 1,
          "eulerOrder": "ZYX",
          "translation": [
            -2.852175384759903e-9,
            0.024887394160032272,
            1.66410927704419e-7
          ],
          "rotation": [
            0.002220428881997356,
            -0.025403934792617006,
            179.99990938630796
          ],
          "scale": [
            0.9999998211860657,
            0.9999995827674866,
            0.9999998211860657
          ],
          "parentMatrix": {
            "elements": [
              0.9999999403953552,
              3.620185266149197e-9,
              -8.575398768613378e-10,
              0,
              -3.6201852661417876e-9,
              0.9999999403953551,
              8.640201815592478e-12,
              0,
              8.575398768926168e-10,
              -8.640198711139065e-12,
              0.999999940395355,
              0,
              -2.4738255870876413e-9,
              0.027465766295790783,
              8.515689819965644e-8,
              1
            ]
          },
          "parentMatrixWorld": {
            "elements": [
              0.02312933853601916,
              0.0002755095474339826,
              1.3202903844343619,
              0,
              1.3205259165560315,
              -0.0002681682621038652,
              -0.023125170124826528,
              0,
              0.0002632794314839251,
              1.320727995399578,
              -0.0002618614512608098,
              0,
              1.1523762043781434,
              0.7556336171619819,
              -0.0715048699860989,
              1
            ]
          }
        }
      }
    },
    {
      "matrix": [
        0.9999999403953552,
        3.620185266149197e-9,
        -8.575398768613378e-10,
        0,
        -3.6201852661417876e-9,
        0.9999999403953551,
        8.640201815592478e-12,
        0,
        8.575398768926168e-10,
        -8.640198711139065e-12,
        0.999999940395355,
        0,
        -2.4738255870876413e-9,
        0.027465766295790783,
        8.515689819965644e-8,
        1
      ],
      "name": "Chr_LHandMiddle2",
      "extras": {
        "originalName": "Chr LHandMiddle2",
        "transformData": {
          "inheritType": 1,
          "eulerOrder": "ZYX",
          "translation": [
            -2.473825588822365e-9,
            0.027465766295790672,
            8.515689842170104e-8
          ],
          "rotation": [
            4.950471241489341e-10,
            4.9133418635857385e-8,
            2.0742134932901545e-7
          ],
          "scale": [
            0.9999999403953552,
            0.9999999403953552,
            0.9999999403953552
          ],
          "parentMatrix": {
            "elements": [
              0.9999999403836488,
              6.259204783905036e-9,
              -0.000004838758907559486,
              0,
              -6.273263758198511e-9,
